1 63 0
2 70 1
3 71 0
4 24 1
5 78 0
6 61 0
7 63 1
8 35 0
9 71 0
10 36 1
11 41 0
12 66 1
13 75 1
14 103 1
15 28 1
16 10 1
17 42 0
18 40 0
19 27 0
20 84 0
21 54 1
22 78 0
23 33 1
24 64 1
25 106 0
26 58 1
27 29 1
28 77 0
29 114 0
30 72 0
31 50 1
32 43 0
33 58 0
34 42 1
35 38 0
36 45 0
37 31 0
38 66 0
39 48 1
40 74 0
41 27 1
42 50 0
43 55 1
44 51 0
45 34 1
46 36 0
47 74 1
48 33 1
49 40 1
50 123 0
51 77 1
52 93 1
53 55 0
54 42 1
55 75 1
56 28 1
57 38 1
58 60 0
59 58 0
60 70 0
61 48 0
62 66 0
63 44 0
64 32 0
65 56 1
66 64 1
67 48 0
68 54 1
69 38 0
70 58 1
71 26 1
72 57 1
73 27 1
74 86 0
75 69 1
76 34 0
77 44 0
78 67 0
79 33 0
80 14 0
81 18 1
82 19 0
83 94 0
84 39 0
85 62 1
86 58 1
87 82 1
88 39 1
89 42 0
90 40 0
91 44 1
92 39 0
93 155 0
94 66 0
95 19 0
96 41 0
97 88 1
98 36 1
99 87 1
100 87 1
101 57 1
102 50 1
103 29 1
104 49 1
105 58 1
106 5 0
107 54 0
108 28 0
109 76 1
110 58 1
111 77 1
112 31 0
113 40 0
114 48 1
115 55 0
116 37 0
117 20 1
118 52 0
119 41 1
120 68 0
121 38 0
122 88 1
123 47 1
124 44 0
125 45 1
126 36 1
127 68 1
128 55 1
129 69 0
130 20 0
131 42 0
132 57 1
133 23 1
134 43 1
135 36 1
136 59 1
137 32 1
138 62 1
139 44 1
140 70 0
141 47 0
142 62 1
143 58 1
144 92 0
145 86 1
146 25 1
147 36 1
148 54 0
149 38 1
150 60 0
151 24 1
152 59 1
153 55 1
154 64 0
155 101 1
156 34 1
157 60 0
158 94 1
159 128 1
160 42 0
161 28 1
162 26 1
163 43 1
164 60 1
165 81 1
166 25 0
167 51 0
168 78 1
169 42 0
170 15 0
171 16 0
172 29 1
173 46 1
174 25 1
175 37 0
176 50 0
177 53 0
178 56 1
179 110 0
180 55 0
181 29 1
182 60 1
183 62 0
184 49 1
185 94 1
186 134 0
187 74 1
188 36 0
189 41 0
190 36 1
191 166 0
192 10 0
193 53 1
194 43 0
195 48 1
196 73 1
197 66 0
198 103 0
199 67 0
200 21 0
201 57 0
202 19 1
203 35 0
204 43 1
205 30 1
206 18 0
207 43 0
208 83 1
209 40 0
210 44 0
211 41 0
212 21 1
213 60 0
214 29 0
215 146 0
216 35 1
217 41 1
218 60 0
219 55 1
220 161 0
221 70 1
222 89 1
223 65 1
224 91 0
225 43 1
226 72 0
227 45 1
228 57 1
229 47 1
230 40 0
231 47 0
232 117 1
233 33 0
234 62 1
235 78 1
236 48 0
237 49 1
238 67 1
239 66 1
240 35 0
241 76 1
242 66 0
243 88 0
244 79 0
245 81 1
246 86 1
247 58 0
248 42 1
249 15 1
250 64 0
251 21 1
252 34 1
253 27 1
254 49 0
255 16 0
256 51 0
257 68 0
258 61 1
259 58 0
260 106 1
261 91 0
262 41 0
263 38 1
264 85 0
265 45 1
266 71 1
267 19 1
268 92 0
269 100 1
270 99 0
271 32 1
272 70 0
273 30 0
274 29 1
275 58 0
276 38 1
277 40 0
278 64 1
279 32 1
280 53 0
281 74 1
282 26 0
283 35 1
284 33 1
285 35 0
286 37 1
287 25 1
288 46 1
289 40 1
290 73 1
291 49 0
292 53 1
293 43 0
294 109 0
295 69 0
296 34 1
297 25 0
298 47 1
299 83 1
300 20 1
301 37 0
302 69 0
303 42 0
304 102 1
305 97 1
306 68 1
307 85 1
308 28 1
309 57 0
310 33 1
311 42 1
312 61 0
313 69 1
314 115 0
315 32 0
316 99 0
317 85 1
318 34 1
319 22 0
320 74 0
321 60 0
322 61 1
323 86 0
324 53 1
325 65 0
326 54 1
327 65 0
328 24 0
329 36 1
330 82 0
331 80 0
332 42 0
333 64 1
334 86 0
335 51 0
336 64 1
337 48 0
338 56 0
339 79 0
340 69 0
341 70 1
342 32 0
343 82 1
344 0 1
345 34 1
346 39 0
347 6 0
348 118 0
349 28 0
350 32 0
351 128 1
352 19 1
353 80 0
354 11 0
355 18 0
356 79 1
357 43 1
358 51 1
359 33 1
360 63 0
361 25 0
362 16 1
363 30 0
364 32 1
365 66 0
366 76 1
367 66 1
368 33 0
369 101 0
370 81 0
371 99 1
372 86 0
373 105 1
374 85 0
375 71 1
376 28 1
377 28 1
378 70 1
379 72 0
380 112 0
381 30 1
382 57 0
383 59 1
384 32 0
385 38 0
386 77 1
387 28 0
388 32 0
389 21 0
390 80 0
391 38 1
392 53 0
393 16 0
394 73 0
395 35 1
396 19 1
397 80 1
398 38 0
399 66 1
400 73 1
401 57 0
402 30 0
403 44 1
404 36 0
405 22 1
406 105 1
407 26 1
408 37 1
409 55 0
410 97 1
411 52 0
412 66 1
413 59 1
414 15 1
415 107 1
416 53 1
417 91 1
418 55 1
419 18 1
420 34 1
421 61 1
422 43 1
423 32 1
424 23 1
425 33 1
426 42 1
427 77 0
428 33 1
429 67 1
430 34 1
431 49 1
432 72 0
433 45 0
434 132 1
435 26 0
436 77 1
437 96 0
438 110 1
439 127 1
440 76 0
441 49 0
442 60 0
443 50 1
444 42 1
445 52 0
446 22 0
447 40 1
448 43 0
449 42 1
450 26 1
451 74 0
452 76 0
453 82 1
454 72 0
455 29 0
456 39 0
457 28 0
458 44 1
459 60 0
460 76 0
461 56 0
462 52 0
463 60 0
464 56 1
465 40 1
466 63 1
467 34 1
468 23 1
469 27 1
470 45 0
471 46 1
472 51 1
473 35 1
474 49 1
475 21 1
476 27 0
477 87 0
478 51 1
479 69 0
480 4 0
481 29 1
482 56 0
483 26 1
484 11 1
485 64 1
486 50 0
487 45 1
488 41 0
489 77 1
490 104 1
491 87 0
492 14 1
493 31 0
494 48 1
495 43 0
496 49 0
497 59 1
498 72 1
499 59 1
500 80 0
501 55 1
502 16 0
503 27 0
504 35 1
505 38 0
506 50 0
507 70 0
508 69 0
509 126 1
510 30 1
511 39 1
512 45 1
513 50 0
514 45 1
515 108 0
516 38 0
517 16 1
518 38 1
519 67 0
520 49 1
521 43 0
522 44 1
523 55 0
524 54 1
525 49 1
526 50 1
527 109 0
528 30 1
529 62 0
530 62 0
531 58 0
532 51 1
533 27 0
534 50 0
535 45 0
536 58 0
537 51 1
538 41 0
539 50 0
540 41 1
541 67 1
542 49 1
543 38 1
544 49 1
545 26 0
546 95 1
547 20 0
548 5 1
549 15 1
550 33 1
551 46 0
552 53 0
553 53 1
554 46 1
555 21 0
556 42 1
557 67 1
558 57 0
559 107 1
560 31 1
561 95 1
562 51 0
563 78 0
564 72 0
565 56 0
566 39 0
567 73 1
568 34 0
569 16 1
570 38 0
571 33 0
572 41 0
573 21 1
574 18 1
575 60 1
576 53 0
577 46 0
578 23 1
579 54 0
580 84 1
581 46 1
582 76 0
583 60 0
584 39 0
585 20 0
586 36 0
587 32 0
588 50 0
589 56 0
590 0 0
591 58 1
592 41 1
593 45 0
594 57 1
595 60 0
596 105 0
597 68 1
598 40 1
599 70 1
600 40 1
601 57 1
602 26 1
603 28 0
604 124 1
605 75 1
606 62 1
607 73 0
608 25 0
609 74 1
610 43 1
611 29 0
612 31 0
613 34 0
614 12 0
615 21 0
616 27 0
617 72 0
618 62 0
619 48 0
620 22 0
621 44 0
622 40 0
623 109 1
624 96 0
625 26 0
626 66 1
627 80 1
628 47 0
629 69 1
630 37 1
631 25 1
632 29 1
633 50 0
634 24 0
635 48 0
636 58 1
637 45 0
638 38 0
639 76 1
640 68 1
641 21 1
642 39 1
643 60 0
644 59 1
645 69 0
646 85 0
647 100 0
648 50 0
649 43 1
650 55 0
651 37 0
652 77 0
653 93 0
654 92 1
655 51 0
656 57 0
657 49 0
658 40 1
659 66 1
660 52 1
661 25 1
662 47 0
663 62 0
664 84 0
665 45 0
666 48 1
667 70 1
668 49 0
669 56 1
670 38 0
671 21 0
672 53 0
673 45 1
674 44 1
675 53 0
676 12 0
677 39 0
678 96 1
679 46 0
680 49 1
681 42 1
682 47 1
683 70 0
684 98 0
685 61 1
686 58 1
687 81 1
688 87 1
689 95 0
690 53 0
691 65 1
692 36 1
693 21 0
694 58 0
695 75 0
696 35 0
697 86 0
698 19 1
699 88 0
700 69 0
701 33 1
702 69 0
703 47 0
704 61 1
705 21 0
706 30 1
707 45 1
708 38 0
709 77 1
710 49 1
711 33 0
712 49 1
713 47 1
714 58 1
715 44 1
716 44 0
717 57 1
718 31 1
719 85 1
720 42 0
721 40 1
722 113 0
723 18 1
724 21 0
725 62 0
726 43 1
727 63 0
728 67 1
729 89 1
730 100 0
731 65 0
732 49 1
733 42 0
734 101 1
735 53 1
736 81 1
737 136 1
738 74 1
739 18 1
740 61 1
741 77 0
742 25 0
743 54 1
744 54 0
745 27 1
746 41 1
747 70 1
748 51 0
749 31 1
750 33 1
751 45 0
752 26 0
753 67 0
754 59 1
755 78 0
756 88 1
757 78 0
758 29 0
759 52 1
760 81 1
761 71 0
762 31 0
763 33 0
764 63 0
765 90 1
766 72 1
767 70 1
768 36 0
769 37 1
770 48 1
771 39 0
772 28 1
773 30 0
774 83 0
775 52 0
776 83 0
777 94 0
778 61 1
779 42 0
780 65 1
781 52 0
782 76 1
783 78 0
784 82 1
785 24 1
786 27 0
787 65 1
788 49 0
789 37 1
790 47 0
791 47 0
792 25 0
793 24 1
794 72 1
795 30 0
796 93 1
797 32 0
798 36 1
799 69 0
800 85 0
801 64 0
802 49 1
803 78 0
804 31 1
805 100 0
806 17 1
807 47 1
808 29 0
809 75 0
810 74 1
811 42 1
812 67 1
813 47 0
814 33 1
815 67 0
816 58 0
817 57 0
818 50 0
819 46 1
820 85 0
821 43 0
822 90 1
823 96 1
824 43 0
825 115 0
826 92 0
827 77 1
828 28 0
829 77 1
830 41 0
831 79 0
832 44 0
833 45 0
834 44 0
835 71 0
836 58 0
837 22 1
838 56 1
839 48 0
840 32 0
841 98 1
842 42 0
843 70 1
844 56 0
845 43 1
846 87 1
847 39 1
848 30 0
849 27 1
850 93 1
851 47 1
852 79 0
853 64 1
854 54 0
855 21 1
856 96 1
857 58 1
858 60 1
859 65 1
860 48 1
861 47 1
862 50 0
863 99 1
864 58 1
865 53 1
866 71 0
867 69 0
868 63 0
869 75 1
870 32 1
871 66 0
872 45 0
873 70 0
874 43 0
875 63 1
876 52 1
877 27 0
878 34 1
879 27 1
880 76 1
881 78 0
882 79 0
883 63 1
884 39 1
885 53 1
886 66 0
887 57 1
888 64 1
889 77 0
890 28 0
891 55 1
892 84 0
893 39 0
894 36 0
895 36 0
896 37 0
897 33 0
898 67 1
899 28 0
900 80 0
901 30 1
902 39 0
903 65 0
904 41 1
905 99 0
906 42 1
907 25 1
908 87 0
909 66 1
910 60 0
911 31 1
912 37 1
913 38 0
914 34 0
915 37 0
916 51 1
917 73 0
918 57 0
919 75 1
920 19 1
921 49 1
922 67 0
923 115 0
924 126 1
925 68 1
926 102 0
927 55 0
928 51 0
929 68 1
930 54 0
931 77 0
932 61 0
933 50 0
934 48 1
935 22 0
936 33 0
937 108 1
938 38 1
939 88 0
940 58 0
941 45 1
942 18 1
943 68 0
944 62 1
945 25 1
946 70 0
947 51 0
948 17 0
949 55 0
950 82 0
951 84 1
952 99 0
953 99 1
954 32 0
955 58 0
956 73 1
957 30 0
958 51 0
959 53 1
960 63 1
961 62 0
962 68 1
963 67 0
964 83 1
965 24 1
966 47 1
967 67 1
968 156 0
969 61 0
970 38 0
971 130 1
972 61 0
973 43 0
974 55 1
975 41 1
976 68 0
977 47 0
978 38 0
979 61 0
980 81 0
981 27 1
982 33 1
983 84 1
984 36 1
985 28 0
986 46 0
987 43 1
988 86 1
989 95 0
990 51 1
991 77 0
992 46 1
993 52 1
994 43 1
995 70 1
996 46 0
997 43 0
998 49 0
999 105 0
1000 49 0
1001 33 0
1002 23 1
1003 50 0
1004 40 1
1005 40 0
1006 59 0
1007 90 1
1008 39 1
1009 52 1
1010 87 0
1011 115 0
1012 101 1
1013 64 0
1014 114 0
1015 71 0
1016 66 1
1017 104 0
1018 42 1
1019 35 1
1020 97 0
1021 19 0
1022 59 0
1023 68 0
1024 21 0
1025 57 1
1026 64 1
1027 50 0
1028 105 0
1029 25 0
1030 74 0
1031 33 0
1032 29 1
1033 46 1
1034 50 0
1035 75 1
1036 60 0
1037 48 1
1038 41 1
1039 60 0
1040 41 1
1041 29 0
1042 45 0
1043 65 0
1044 16 0
1045 36 1
1046 45 0
1047 46 0
1048 59 0
1049 65 0
1050 44 1
1051 59 1
1052 70 0
1053 75 0
1054 45 0
1055 72 1
1056 97 1
1057 90 0
1058 39 0
1059 77 0
1060 36 0
1061 76 1
1062 40 0
1063 103 0
1064 123 0
1065 90 0
1066 24 0
1067 52 0
1068 76 0
1069 46 1
1070 38 1
1071 132 0
1072 32 1
1073 73 1
1074 76 0
1075 36 0
1076 31 1
1077 97 1
1078 45 0
1079 48 0
1080 82 1
1081 52 1
1082 43 0
1083 85 0
1084 42 0
1085 42 0
1086 110 1
1087 18 1
1088 63 1
1089 67 1
1090 30 0
1091 43 1
1092 103 0
1093 49 1
1094 36 1
1095 35 1
1096 59 1
1097 58 0
1098 28 1
1099 55 1
1100 53 1
1101 39 1
1102 92 0
1103 51 1
1104 13 1
1105 53 1
1106 31 0
1107 39 0
1108 78 0
1109 76 1
1110 15 0
1111 33 1
1112 43 1
1113 43 1
1114 81 1
1115 44 0
1116 34 0
1117 25 1
1118 129 1
1119 71 0
1120 22 1
1121 65 1
1122 62 0
1123 32 0
1124 40 0
1125 78 1
1126 37 1
1127 54 0
1128 18 1
1129 49 0
1130 33 1
1131 21 1
1132 56 1
1133 117 1
1134 45 1
1135 68 0
1136 109 0
1137 78 0
1138 44 0
1139 103 1
1140 47 0
1141 60 1
1142 86 1
1143 91 1
1144 64 1
1145 73 1
1146 44 1
1147 41 1
1148 47 1
1149 27 1
1150 60 1
1151 108 0
1152 26 1
1153 106 1
1154 24 0
1155 69 0
1156 42 0
1157 71 1
1158 65 0
1159 65 0
1160 99 0
1161 63 1
1162 56 1
1163 44 1
1164 49 1
1165 56 1
1166 94 0
1167 55 0
1168 74 1
1169 64 0
1170 53 1
1171 40 1
1172 37 1
1173 38 1
1174 51 1
1175 51 0
1176 63 0
1177 63 0
1178 76 0
1179 68 1
1180 92 1
1181 49 0
1182 80 1
1183 74 1
1184 51 0
1185 65 0
1186 71 1
1187 40 1
1188 41 0
1189 64 0
1190 37 1
1191 69 1
1192 108 0
1193 103 1
1194 80 0
1195 59 1
1196 37 0
1197 33 1
1198 73 1
1199 62 1
1200 20 0
1201 76 0
1202 24 0
1203 37 1
1204 59 1
1205 107 1
1206 15 0
1207 55 0
1208 36 0
1209 25 0
1210 62 0
1211 22 1
1212 71 0
1213 32 1
1214 60 0
1215 63 1
1216 38 0
1217 57 0
1218 31 0
1219 58 1
1220 38 1
1221 60 0
1222 72 1
1223 82 0
1224 44 1
1225 33 0
1226 66 1
1227 56 0
1228 27 0
1229 65 0
1230 86 1
1231 79 1
1232 55 1
1233 104 0
1234 55 0
1235 57 1
1236 49 0
1237 61 1
1238 59 1
1239 106 1
1240 69 1
1241 69 1
1242 33 0
1243 51 0
1244 21 1
1245 90 1
1246 36 0
1247 110 0
1248 75 1
1249 24 1
1250 16 0
1251 60 1
1252 70 0
1253 63 1
1254 66 0
1255 81 0
1256 34 1
1257 69 0
1258 83 0
1259 43 1
1260 42 0
1261 51 0
1262 80 1
1263 76 0
1264 44 1
1265 50 0
1266 52 0
1267 42 1
1268 60 1
1269 34 0
1270 96 0
1271 41 0
1272 31 1
1273 57 1
1274 51 1
1275 41 0
1276 43 0
1277 31 0
1278 100 0
1279 50 0
1280 72 0
1281 52 0
1282 44 1
1283 167 1
1284 45 1
1285 24 1
1286 32 1
1287 33 0
1288 44 0
1289 72 0
1290 34 0
1291 107 0
1292 28 1
1293 56 1
1294 48 1
1295 37 0
1296 73 1
1297 58 0
1298 18 0
1299 50 0
1300 46 0
1301 31 1
1302 45 1
1303 78 0
1304 73 1
1305 52 1
1306 106 1
1307 89 0
1308 36 1
1309 67 1
1310 145 1
1311 53 0
1312 68 0
1313 60 0
1314 36 0
1315 24 1
1316 8 0
1317 89 0
1318 42 0
1319 76 0
1320 52 0
1321 39 0
1322 90 1
1323 38 1
1324 46 0
1325 104 1
1326 30 1
1327 42 1
1328 65 0
1329 288 0
1330 86 1
1331 82 0
1332 68 1
1333 39 0
1334 36 1
1335 12 0
1336 55 0
1337 43 0
1338 83 1
1339 41 0
1340 57 1
1341 58 0
1342 27 1
1343 68 0
1344 51 0
1345 37 0
1346 94 1
1347 79 1
1348 15 1
1349 48 0
1350 57 1
1351 53 1
1352 81 0
1353 171 0
1354 48 1
1355 137 0
1356 66 1
1357 71 1
1358 69 1
1359 113 1
1360 33 1
1361 38 1
1362 59 1
1363 51 0
1364 60 0
1365 63 0
1366 129 0
1367 35 0
1368 59 0
1369 58 0
1370 36 1
1371 88 0
1372 58 0
1373 37 0
1374 51 1
1375 42 0
1376 72 0
1377 88 0
1378 54 0
1379 69 0
1380 57 0
1381 28 0
1382 69 0
1383 72 0
1384 79 0
1385 17 1
1386 42 0
1387 70 1
1388 33 1
1389 34 0
1390 19 0
1391 34 0
1392 74 1
1393 20 1
1394 99 0
1395 43 0
1396 91 1
1397 68 0
1398 17 1
1399 28 0
1400 76 0
1401 47 0
1402 98 1
1403 22 1
1404 56 0
1405 34 1
1406 36 0
1407 65 1
1408 121 0
1409 45 0
1410 62 1
1411 31 1
1412 87 1
1413 22 0
1414 24 1
1415 30 0
1416 32 0
1417 19 1
1418 37 1
1419 33 0
1420 59 0
1421 36 0
1422 20 0
1423 48 1
1424 39 0
1425 106 0
1426 18 1
1427 32 0
1428 80 0
1429 75 1
1430 43 1
1431 81 1
1432 37 1
1433 26 0
1434 34 1
1435 77 0
1436 40 0
1437 90 1
1438 41 0
1439 65 0
1440 71 1
1441 59 0
1442 27 0
1443 63 0
1444 53 1
1445 83 1
1446 73 0
1447 131 0
1448 63 0
1449 50 1
1450 75 0
1451 59 0
1452 65 0
1453 15 1
1454 47 1
1455 21 0
1456 28 0
1457 31 1
1458 41 0
1459 21 0
1460 35 1
1461 36 0
1462 62 0
1463 51 1
1464 46 1
1465 80 0
1466 43 0
1467 77 1
1468 29 0
1469 69 1
1470 57 1
1471 70 0
1472 24 1
1473 39 1
1474 21 1
1475 88 0
1476 91 0
1477 66 1
1478 26 1
1479 49 0
1480 40 0
1481 33 1
1482 57 1
1483 38 1
1484 85 1
1485 95 0
1486 70 0
1487 34 0
1488 93 0
1489 56 0
1490 57 1
1491 41 0
1492 49 1
1493 63 0
1494 82 1
1495 139 0
1496 63 1
1497 41 1
1498 37 1
1499 48 0
1500 47 1
1501 50 0
1502 38 1
1503 62 1
1504 34 1
1505 52 0
1506 138 0
1507 86 0
1508 81 0
1509 67 0
1510 47 0
1511 104 1
1512 37 1
1513 81 0
1514 69 0
1515 115 1
1516 45 0
1517 22 0
1518 56 1
1519 34 1
1520 71 1
1521 101 0
1522 73 0
1523 57 1
1524 42 0
1525 78 1
1526 42 0
1527 35 1
1528 75 1
1529 54 0
1530 31 1
1531 83 1
1532 95 0
1533 81 1
1534 71 1
1535 59 1
1536 72 1
1537 57 0
1538 71 0
1539 55 1
1540 80 1
1541 98 1
1542 91 1
1543 44 0
1544 94 1
1545 114 1
1546 154 0
1547 14 1
1548 82 0
1549 72 1
1550 109 0
1551 70 1
1552 97 1
1553 74 1
1554 106 1
1555 82 0
1556 95 1
1557 127 1
1558 42 0
1559 14 0
1560 107 0
1561 62 1
1562 31 1
1563 74 1
1564 48 0
1565 68 0
1566 47 1
1567 50 1
1568 166 1
1569 64 0
1570 83 0
1571 61 1
1572 138 1
1573 23 0
1574 90 1
1575 68 1
1576 41 1
1577 36 1
1578 101 1
1579 52 0
1580 51 0
1581 35 1
1582 71 0
1583 86 0
1584 94 1
1585 59 1
1586 52 1
1587 43 0
1588 90 1
1589 79 0
1590 58 0
1591 74 1
1592 53 0
1593 87 1
1594 41 1
1595 84 0
1596 83 1
1597 59 1
1598 61 0
1599 116 1
1600 40 1
1601 109 0
1602 63 0
1603 68 0
1604 81 0
1605 32 0
1606 51 1
1607 88 1
1608 54 0
1609 71 1
1610 28 0
1611 43 1
1612 93 0
1613 46 0
1614 72 1
1615 102 0
1616 74 0
1617 109 0
1618 107 1
1619 59 0
1620 60 1
1621 82 1
1622 51 1
1623 68 0
1624 66 1
1625 47 0
1626 28 1
1627 69 0
1628 67 1
1629 41 0
1630 87 1
1631 82 1
1632 97 1
1633 67 1
1634 83 0
1635 122 0
1636 213 1
1637 61 0
1638 120 0
1639 82 0
1640 26 0
1641 61 0
1642 52 0
1643 62 0
1644 110 0
1645 32 0
1646 64 0
1647 30 1
1648 64 1
1649 126 0
1650 92 0
1651 44 1
1652 67 0
1653 44 0
1654 90 1
1655 79 1
1656 103 0
1657 47 0
1658 49 0
1659 24 1
1660 73 0
1661 38 1
1662 88 0
1663 111 1
1664 79 1
1665 97 1
1666 86 1
1667 60 1
1668 85 1
1669 57 0
1670 71 0
1671 82 1
1672 112 0
1673 82 0
1674 64 1
1675 89 1
1676 62 1
1677 64 1
1678 60 1
1679 83 0
1680 70 1
1681 78 1
1682 46 0
1683 77 1
1684 74 1
1685 105 1
1686 81 1
1687 74 1
1688 60 1
1689 48 0
1690 73 0
1691 43 0
1692 84 0
1693 84 0
1694 43 1
1695 83 0
1696 60 1
1697 66 0
1698 49 0
1699 88 1
1700 27 1
1701 78 0
1702 55 1
1703 67 1
1704 87 0
1705 34 0
1706 81 0
1707 92 0
1708 48 0
1709 79 0
1710 51 1
1711 67 1
1712 77 0
1713 67 1
1714 48 0
1715 50 1
1716 61 1
1717 97 0
1718 95 0
1719 38 0
1720 69 0
1721 101 1
1722 16 0
1723 39 0
1724 78 1
1725 41 0
1726 96 0
1727 79 1
1728 38 0
1729 34 0
1730 48 1
1731 68 0
1732 41 0
1733 54 0
1734 65 1
1735 43 0
1736 69 1
1737 129 0
1738 63 0
1739 25 0
1740 53 1
1741 71 0
1742 36 0
1743 98 1
1744 41 0
1745 31 1
1746 94 0
1747 38 0
1748 135 1
1749 148 1
1750 52 1
1751 65 1
1752 63 0
1753 66 0
1754 72 0
1755 105 0
1756 45 1
1757 87 1
1758 29 0
1759 65 0
1760 70 0
1761 36 0
1762 105 1
1763 77 0
1764 57 1
1765 63 0
1766 14 0
1767 26 0
1768 62 1
1769 46 0
1770 55 1
1771 59 1
1772 76 1
1773 76 1
1774 64 1
1775 78 0
1776 61 0
1777 91 1
1778 49 1
1779 64 0
1780 113 1
1781 74 1
1782 86 1
1783 71 0
1784 42 1
1785 101 1
1786 121 0
1787 29 1
1788 63 1
1789 50 0
1790 60 1
1791 86 0
1792 106 0
1793 40 1
1794 70 0
1795 88 0
1796 62 0
1797 35 1
1798 9 1
1799 47 0
1800 67 0
1801 75 1
1802 44 1
1803 20 1
1804 65 0
1805 46 1
1806 71 1
1807 71 0
1808 36 0
1809 84 1
1810 102 1
1811 38 0
1812 59 0
1813 53 1
1814 104 0
1815 68 1
1816 54 0
1817 74 1
1818 79 1
1819 77 0
1820 65 0
1821 88 0
1822 86 1
1823 46 1
1824 82 1
1825 67 1
1826 100 0
1827 116 1
1828 65 0
1829 85 1
1830 84 1
1831 13 0
1832 55 0
1833 65 1
1834 63 1
1835 35 0
1836 92 0
1837 90 1
1838 28 0
1839 65 0
1840 48 0
1841 35 1
1842 44 0
1843 40 1
1844 80 1
1845 116 0
1846 100 1
1847 65 0
1848 75 1
1849 39 1
1850 61 0
1851 39 1
1852 80 1
1853 73 1
1854 38 0
1855 64 0
1856 56 0
1857 54 1
1858 66 1
1859 142 0
1860 106 0
1861 71 1
1862 58 1
1863 84 0
1864 88 1
1865 91 0
1866 64 0
1867 59 0
1868 44 0
1869 75 1
1870 40 1
1871 61 0
1872 75 1
1873 38 0
1874 62 0
1875 27 0
1876 43 1
1877 41 0
1878 57 0
1879 127 1
1880 100 1
1881 66 0
1882 40 0
1883 53 0
1884 65 1
1885 35 1
1886 74 0
1887 38 0
1888 91 1
1889 162 0
1890 46 1
1891 48 0
1892 55 1
1893 85 1
1894 90 0
1895 112 1
1896 68 1
1897 65 0
1898 83 1
1899 119 0
1900 78 0
1901 19 0
1902 19 0
1903 101 0
1904 97 1
1905 55 1
1906 92 0
1907 83 1
1908 85 0
1909 69 1
1910 92 1
1911 49 0
1912 72 0
1913 90 0
1914 45 1
1915 75 0
1916 106 0
1917 21 0
1918 79 0
1919 97 0
1920 50 0
1921 69 1
1922 82 1
1923 62 0
1924 61 1
1925 62 0
1926 135 1
1927 81 0
1928 46 1
1929 80 1
1930 71 0
1931 88 0
1932 86 1
1933 84 0
1934 43 1
1935 27 0
1936 78 0
1937 67 0
1938 57 1
1939 51 0
1940 67 1
1941 59 1
1942 75 0
1943 96 1
1944 160 0
1945 67 0
1946 43 0
1947 69 0
1948 70 1
1949 82 1
1950 48 0
1951 63 1
1952 78 0
1953 108 0
1954 75 0
1955 65 1
1956 66 0
1957 51 0
1958 93 1
1959 99 1
1960 111 0
1961 112 1
1962 87 1
1963 78 1
1964 68 0
1965 79 0
1966 50 0
1967 107 0
1968 87 0
1969 134 1
1970 45 1
1971 50 1
1972 80 1
1973 35 1
1974 82 0
1975 79 0
1976 66 1
1977 100 1
1978 86 0
1979 38 1
1980 61 1
1981 39 1
1982 61 0
1983 53 0
1984 97 1
1985 47 1
1986 85 0
1987 49 1
1988 52 1
1989 64 0
1990 78 1
1991 48 0
1992 67 0
1993 62 0
1994 76 0
1995 61 0
1996 76 0
1997 70 0
1998 89 1
1999 56 1
2000 117 0
2001 120 1
2002 45 0
2003 102 1
2004 77 0
2005 107 0
2006 49 0
2007 77 0
2008 56 0
2009 62 0
2010 64 0
2011 65 0
2012 59 0
2013 58 1
2014 58 0
2015 52 1
2016 60 0
2017 118 1
2018 90 0
2019 49 1
2020 80 1
2021 58 1
2022 85 0
2023 80 1
2024 92 1
2025 100 1
2026 56 0
2027 81 1
2028 117 1
2029 71 0
2030 50 1
2031 68 1
2032 71 0
2033 59 1
2034 41 0
2035 54 0
2036 76 0
2037 83 0
2038 80 1
2039 115 1
2040 112 0
2041 62 0
2042 108 1
2043 77 0
2044 30 1
2045 66 1
2046 62 0
2047 49 0
2048 67 0
2049 75 0
2050 49 0
2051 71 0
2052 15 1
2053 102 1
2054 54 0
2055 85 0
2056 46 1
2057 49 1
2058 63 0
2059 52 1
2060 42 0
2061 56 0
2062 76 0
2063 109 0
2064 45 0
2065 52 1
2066 78 1
2067 111 1
2068 71 1
2069 47 0
2070 87 0
2071 40 0
2072 42 1
2073 51 0
2074 101 1
2075 45 1
2076 134 0
2077 73 0
2078 92 1
2079 98 0
2080 42 1
2081 45 1
2082 115 0
2083 109 1
2084 28 1
2085 107 0
2086 77 1
2087 119 0
2088 47 1
2089 52 0
2090 55 0
2091 90 1
2092 105 1
2093 96 1
2094 63 1
2095 78 0
2096 77 0
2097 66 1
2098 65 0
2099 75 0
2100 41 1
2101 129 1
2102 31 0
2103 79 1
2104 67 0
2105 57 1
2106 57 1
2107 86 1
2108 101 1
2109 106 1
2110 83 0
2111 71 1
2112 61 1
2113 108 0
2114 111 0
2115 42 0
2116 68 1
2117 80 1
2118 49 1
2119 97 1
2120 44 0
2121 53 0
2122 91 0
2123 70 1
2124 31 1
2125 70 1
2126 52 1
2127 49 0
2128 118 1
2129 42 0
2130 100 1
2131 98 0
2132 124 1
2133 75 0
2134 67 0
2135 93 1
2136 38 0
2137 81 1
2138 51 1
2139 47 1
2140 95 0
2141 70 1
2142 123 0
2143 87 0
2144 39 1
2145 65 0
2146 37 1
2147 74 1
2148 102 0
2149 76 0
2150 42 1
2151 51 0
2152 21 0
2153 48 1
2154 104 0
2155 83 0
2156 103 1
2157 41 0
2158 54 0
2159 76 0
2160 77 0
2161 74 0
2162 76 0
2163 61 0
2164 121 0
2165 72 0
2166 154 0
2167 75 0
2168 144 1
2169 108 0
2170 23 1
2171 47 1
2172 73 0
2173 17 0
2174 73 1
2175 70 1
2176 129 0
2177 56 1
2178 44 0
2179 60 1
2180 92 1
2181 93 0
2182 65 0
2183 152 1
2184 110 1
2185 91 1
2186 80 1
2187 94 1
2188 63 0
2189 39 0
2190 46 0
2191 47 1
2192 12 0
2193 47 0
2194 68 0
2195 70 0
2196 60 0
2197 126 1
2198 69 0
2199 37 1
2200 36 0
2201 57 0
2202 37 1
2203 49 1
2204 74 1
2205 47 1
2206 63 0
2207 106 0
2208 39 1
2209 62 0
2210 97 1
2211 34 0
2212 101 1
2213 57 0
2214 73 1
2215 81 1
2216 75 0
2217 48 0
2218 95 1
2219 51 0
2220 98 0
2221 69 0
2222 43 1
2223 27 0
2224 68 0
2225 69 0
2226 79 1
2227 26 1
2228 66 1
2229 105 0
2230 16 1
2231 93 0
2232 81 1
2233 33 1
2234 18 1
2235 82 0
2236 88 0
2237 65 1
2238 49 1
2239 89 0
2240 96 0
2241 138 0
2242 76 1
2243 51 0
2244 68 1
2245 97 0
2246 69 1
2247 47 0
2248 46 0
2249 69 1
2250 106 1
2251 74 0
2252 61 0
2253 64 1
2254 70 0
2255 30 1
2256 68 0
2257 43 0
2258 55 1
2259 72 0
2260 65 0
2261 135 0
2262 67 0
2263 51 0
2264 59 1
2265 181 0
2266 45 0
2267 105 0
2268 37 0
2269 87 1
2270 79 0
2271 69 0
2272 36 1
2273 48 0
2274 70 0
2275 55 1
2276 99 0
2277 64 1
2278 51 0
2279 81 0
2280 52 0
2281 61 0
2282 81 1
2283 101 0
2284 73 0
2285 78 0
2286 57 1
2287 91 1
2288 56 1
2289 51 1
2290 102 1
2291 81 0
2292 86 1
2293 101 1
2294 40 1
2295 41 0
2296 31 1
2297 28 1
2298 49 0
2299 91 0
2300 62 1
2301 74 1
2302 71 1
2303 71 1
2304 105 0
2305 88 0
2306 70 0
2307 107 1
2308 114 1
2309 40 1
2310 90 1
2311 55 1
2312 83 1
2313 95 1
2314 57 1
2315 68 1
2316 72 0
2317 46 1
2318 78 1
2319 75 0
2320 64 0
2321 51 0
2322 57 0
2323 23 0
2324 51 0
2325 55 0
2326 82 1
2327 37 1
2328 78 1
2329 62 0
2330 84 1
2331 77 1
2332 73 1
2333 100 0
2334 53 1
2335 34 0
2336 78 0
2337 70 1
2338 101 0
2339 83 0
2340 35 1
2341 44 1
2342 62 0
2343 32 0
2344 78 1
2345 114 1
2346 80 0
2347 98 0
2348 65 0
2349 93 1
2350 127 1
2351 99 1
2352 82 0
2353 86 1
2354 53 0
2355 60 0
2356 32 0
2357 276 0
2358 45 0
2359 72 1
2360 65 0
2361 86 0
2362 43 1
2363 96 0
2364 60 0
2365 92 1
2366 18 0
2367 93 1
2368 81 0
2369 31 1
2370 72 1
2371 51 0
2372 78 1
2373 82 1
2374 78 1
2375 39 0
2376 115 0
2377 62 1
2378 49 0
2379 136 0
2380 95 0
2381 51 1
2382 79 0
2383 60 0
2384 76 0
2385 101 1
2386 57 1
2387 68 0
2388 110 0
2389 50 0
2390 93 1
2391 126 1
2392 86 1
2393 66 0
2394 104 0
2395 98 1
2396 43 0
2397 79 0
2398 103 1
2399 90 1
2400 51 0
2401 90 1
2402 38 1
2403 60 1
2404 44 0
2405 93 1
2406 53 0
2407 77 1
2408 129 1
2409 51 1
2410 74 0
2411 88 1
2412 67 0
2413 44 1
2414 49 0
2415 26 0
2416 83 0
2417 72 1
2418 116 0
2419 109 0
2420 52 0
2421 58 1
2422 41 0
2423 40 0
2424 74 0
2425 82 0
2426 83 1
2427 36 0
2428 75 0
2429 30 0
2430 76 1
2431 91 0
2432 49 1
2433 44 1
2434 129 0
2435 56 0
2436 62 0
2437 44 1
2438 50 1
2439 68 1
2440 50 1
2441 110 0
2442 53 1
2443 130 0
2444 63 1
2445 80 0
2446 40 1
2447 80 1
2448 60 0
2449 64 0
2450 57 1
2451 40 0
2452 52 0
2453 112 0
2454 23 0
2455 67 1
2456 44 1
2457 69 1
2458 67 1
2459 92 0
2460 90 1
2461 80 1
2462 99 0
2463 48 0
2464 30 1
2465 83 0
2466 20 1
2467 61 0
2468 111 0