1 18 0
2 15 1
3 20 0
4 8 1
5 24 0
6 22 0
7 30 1
8 6 0
9 17 0
10 22 1
11 24 0
12 25 1
13 23 1
14 25 1
15 17 1
16 3 1
17 18 0
18 13 0
19 13 0
20 27 0
21 14 1
22 10 0
23 13 1
24 16 1
25 37 0
26 22 1
27 1 1
28 18 0
29 26 0
30 22 0
31 13 1
32 8 0
33 16 0
34 15 1
35 15 0
36 13 0
37 5 0
38 13 0
39 18 1
40 7 0
41 16 1
42 8 0
43 8 1
44 20 0
45 13 1
46 12 0
47 21 1
48 14 1
49 9 1
50 37 0
51 17 1
52 19 1
53 19 0
54 13 1
55 11 1
56 14 1
57 5 1
58 11 0
59 10 0
60 18 0
61 17 0
62 27 0
63 8 0
64 13 0
65 16 1
66 15 1
67 9 0
68 3 1
69 17 0
70 8 1
71 8 1
72 15 1
73 6 1
74 23 0
75 19 1
76 5 0
77 5 0
78 12 0
79 8 0
80 10 0
81 5 1
82 3 0
83 18 0
84 7 0
85 18 1
86 11 1
87 20 1
88 16 1
89 12 0
90 6 0
91 20 1
92 10 0
93 39 0
94 13 0
95 4 0
96 11 0
97 11 1
98 8 1
99 11 1
100 21 1
101 13 1
102 12 1
103 11 1
104 15 1
105 18 1
106 2 0
107 26 0
108 14 0
109 14 1
110 7 1
111 8 1
112 9 0
113 7 0
114 10 1
115 14 0
116 18 0
117 11 1
118 20 0
119 16 1
120 15 0
121 12 0
122 17 1
123 16 1
124 18 0
125 19 1
126 10 1
127 20 1
128 9 1
129 10 0
130 6 0
131 10 0
132 23 1
133 6 1
134 16 1
135 8 1
136 16 1
137 13 1
138 16 1
139 17 1
140 13 0
141 11 0
142 16 1
143 13 1
144 20 0
145 16 1
146 8 1
147 14 1
148 17 0
149 19 1
150 18 0
151 13 1
152 22 1
153 20 1
154 14 0
155 11 1
156 15 1
157 15 0
158 18 1
159 29 1
160 12 0
161 12 1
162 7 1
163 8 1
164 12 1
165 22 1
166 3 0
167 17 0
168 10 1
169 11 0
170 6 0
171 8 0
172 8 1
173 8 1
174 18 1
175 15 0
176 15 0
177 18 0
178 17 1
179 7 0
180 13 0
181 12 1
182 11 1
183 16 0
184 18 1
185 27 1
186 31 0
187 21 1
188 11 0
189 14 0
190 11 1
191 22 0
192 6 0
193 17 1
194 19 0
195 18 1
196 30 1
197 21 0
198 17 0
199 21 0
200 8 0
201 9 0
202 8 1
203 6 0
204 13 1
205 16 1
206 5 0
207 6 0
208 26 1
209 12 0
210 13 0
211 20 0
212 7 1
213 8 0
214 5 0
215 37 0
216 11 1
217 17 1
218 24 0
219 9 1
220 27 0
221 11 1
222 9 1
223 7 1
224 29 0
225 7 1
226 16 0
227 16 1
228 23 1
229 20 1
230 7 0
231 4 0
232 15 1
233 16 0
234 13 1
235 27 1
236 14 0
237 19 1
238 23 1
239 22 1
240 13 0
241 11 1
242 17 0
243 18 0
244 24 0
245 18 1
246 46 1
247 7 0
248 9 1
249 4 1
250 26 0
251 4 1
252 10 1
253 8 1
254 14 0
255 7 0
256 7 0
257 32 0
258 13 1
259 23 0
260 44 1
261 25 0
262 9 0
263 7 1
264 31 0
265 8 1
266 11 1
267 8 1
268 36 0
269 19 1
270 20 0
271 5 1
272 29 0
273 8 0
274 9 1
275 11 0
276 17 1
277 13 0
278 10 1
279 9 1
280 11 0
281 22 1
282 16 0
283 8 1
284 8 1
285 17 0
286 17 1
287 4 1
288 10 1
289 13 1
290 21 1
291 17 0
292 14 1
293 9 0
294 16 0
295 17 0
296 9 1
297 7 0
298 7 1
299 28 1
300 3 1
301 16 0
302 13 0
303 8 0
304 33 1
305 21 1
306 16 1
307 14 1
308 12 1
309 25 0
310 2 1
311 11 1
312 13 0
313 20 1
314 16 0
315 2 0
316 31 0
317 13 1
318 9 1
319 4 0
320 16 0
321 20 0
322 14 1
323 23 0
324 14 1
325 18 0
326 14 1
327 14 0
328 11 0
329 11 1
330 22 0
331 28 0
332 20 0
333 7 1
334 29 0
335 15 0
336 4 1
337 10 0
338 10 0
339 11 0
340 8 0
341 11 1
342 4 0
343 14 1
344 0 1
345 10 1
346 15 0
347 2 0
348 28 0
349 10 0
350 11 0
351 33 1
352 2 1
353 27 0
354 2 0
355 9 0
356 9 1
357 6 1
358 13 1
359 5 1
360 17 0
361 12 0
362 7 1
363 12 0
364 7 1
365 21 0
366 16 1
367 13 1
368 15 0
369 16 0
370 25 0
371 22 1
372 20 0
373 23 1
374 11 0
375 9 1
376 7 1
377 4 1
378 17 1
379 15 0
380 27 0
381 16 1
382 23 0
383 17 1
384 2 0
385 14 0
386 22 1
387 7 0
388 14 0
389 2 0
390 10 0
391 18 1
392 17 0
393 4 0
394 16 0
395 11 1
396 5 1
397 32 1
398 7 0
399 17 1
400 18 1
401 15 0
402 10 0
403 8 1
404 9 0
405 2 1
406 39 1
407 6 1
408 17 1
409 13 0
410 24 1
411 16 0
412 20 1
413 12 1
414 11 1
415 28 1
416 13 1
417 19 1
418 21 1
419 4 1
420 20 1
421 27 1
422 4 1
423 3 1
424 5 1
425 7 1
426 12 1
427 16 0
428 6 1
429 16 1
430 5 1
431 13 1
432 27 0
433 6 0
434 11 1
435 9 0
436 12 1
437 23 0
438 20 1
439 28 1
440 10 0
441 21 0
442 20 0
443 9 1
444 12 1
445 16 0
446 6 0
447 22 1
448 11 0
449 10 1
450 4 1
451 11 0
452 17 0
453 19 1
454 13 0
455 6 0
456 9 0
457 5 0
458 11 1
459 8 0
460 28 0
461 15 0
462 10 0
463 20 0
464 19 1
465 16 1
466 4 1
467 14 1
468 4 1
469 10 1
470 8 0
471 12 1
472 17 1
473 6 1
474 18 1
475 13 1
476 4 0
477 16 0
478 8 1
479 10 0
480 1 0
481 7 1
482 10 0
483 10 1
484 6 1
485 16 1
486 12 0
487 23 1
488 8 0
489 17 1
490 19 1
491 22 0
492 2 1
493 11 0
494 13 1
495 16 0
496 14 0
497 27 1
498 14 1
499 13 1
500 15 0
501 17 1
502 5 0
503 11 0
504 10 1
505 19 0
506 16 0
507 13 0
508 16 0
509 28 1
510 5 1
511 7 1
512 5 1
513 5 0
514 8 1
515 33 0
516 7 0
517 7 1
518 10 1
519 27 0
520 18 1
521 11 0
522 8 1
523 12 0
524 6 1
525 12 1
526 15 1
527 21 0
528 14 1
529 22 0
530 12 0
531 19 0
532 12 1
533 14 0
534 9 0
535 8 0
536 10 0
537 20 1
538 9 0
539 10 0
540 9 1
541 24 1
542 7 1
543 12 1
544 10 1
545 4 0
546 25 1
547 3 0
548 1 1
549 13 1
550 15 1
551 7 0
552 9 0
553 31 1
554 14 1
555 7 0
556 11 1
557 9 1
558 18 0
559 31 1
560 12 1
561 15 1
562 10 0
563 26 0
564 14 0
565 14 0
566 7 0
567 17 1
568 7 0
569 7 1
570 13 0
571 13 0
572 16 0
573 8 1
574 8 1
575 12 1
576 10 0
577 10 0
578 10 1
579 12 0
580 11 1
581 6 1
582 17 0
583 16 0
584 23 0
585 15 0
586 6 0
587 6 0
588 15 0
589 21 0
590 0 0
591 19 1
592 10 1
593 9 0
594 16 1
595 10 0
596 17 0
597 14 1
598 13 1
599 19 1
600 5 1
601 10 1
602 6 1
603 10 0
604 17 1
605 17 1
606 9 1
607 7 0
608 5 0
609 19 1
610 15 1
611 13 0
612 9 0
613 5 0
614 3 0
615 9 0
616 12 0
617 25 0
618 17 0
619 26 0
620 8 0
621 14 0
622 11 0
623 20 1
624 24 0
625 8 0
626 10 1
627 20 1
628 12 0
629 24 1
630 3 1
631 12 1
632 4 1
633 8 0
634 6 0
635 13 0
636 6 1
637 5 0
638 7 0
639 11 1
640 20 1
641 22 1
642 12 1
643 30 0
644 15 1
645 11 0
646 34 0
647 14 0
648 18 0
649 23 1
650 13 0
651 16 0
652 23 0
653 14 0
654 32 1
655 13 0
656 26 0
657 23 0
658 9 1
659 31 1
660 18 1
661 8 1
662 17 0
663 21 0
664 15 0
665 17 0
666 26 1
667 17 1
668 15 0
669 15 1
670 3 0
671 8 0
672 22 0
673 7 1
674 17 1
675 11 0
676 7 0
677 5 0
678 20 1
679 6 0
680 21 1
681 17 1
682 13 1
683 18 0
684 23 0
685 11 1
686 4 1
687 22 1
688 20 1
689 16 0
690 31 0
691 11 1
692 8 1
693 8 0
694 18 0
695 7 0
696 5 0
697 16 0
698 3 1
699 12 0
700 14 0
701 4 1
702 15 0
703 14 0
704 14 1
705 8 0
706 10 1
707 24 1
708 22 0
709 17 1
710 8 1
711 6 0
712 7 1
713 12 1
714 8 1
715 10 1
716 6 0
717 14 1
718 12 1
719 20 1
720 7 0
721 7 1
722 14 0
723 8 1
724 12 0
725 13 0
726 10 1
727 17 0
728 13 1
729 31 1
730 19 0
731 18 0
732 8 1
733 12 0
734 18 1
735 11 1
736 21 1
737 20 1
738 11 1
739 5 1
740 10 1
741 17 0
742 18 0
743 6 1
744 16 0
745 8 1
746 10 1
747 13 1
748 17 0
749 9 1
750 5 1
751 14 0
752 8 0
753 31 0
754 26 1
755 21 0
756 37 1
757 20 0
758 15 0
759 9 1
760 22 1
761 13 0
762 8 0
763 10 0
764 6 0
765 17 1
766 23 1
767 18 1
768 7 0
769 14 1
770 5 1
771 14 0
772 21 1
773 7 0
774 30 0
775 14 0
776 14 0
777 15 0
778 23 1
779 13 0
780 23 1
781 20 0
782 15 1
783 15 0
784 16 1
785 6 1
786 17 0
787 14 1
788 11 0
789 17 1
790 11 0
791 9 0
792 3 0
793 14 1
794 17 1
795 9 0
796 22 1
797 12 0
798 13 1
799 13 0
800 15 0
801 9 0
802 14 1
803 20 0
804 10 1
805 14 0
806 11 1
807 19 1
808 11 0
809 20 0
810 13 1
811 22 1
812 13 1
813 12 0
814 7 1
815 15 0
816 21 0
817 16 0
818 12 0
819 8 1
820 28 0
821 10 0
822 11 1
823 21 1
824 17 0
825 23 0
826 26 0
827 22 1
828 8 0
829 16 1
830 10 0
831 13 0
832 10 0
833 9 0
834 21 0
835 28 0
836 19 0
837 10 1
838 10 1
839 8 0
840 4 0
841 32 1
842 6 0
843 34 1
844 11 0
845 5 1
846 16 1
847 16 1
848 5 0
849 9 1
850 13 1
851 9 1
852 28 0
853 13 1
854 8 0
855 2 1
856 14 1
857 23 1
858 20 1
859 18 1
860 11 1
861 10 1
862 7 0
863 24 1
864 10 1
865 18 1
866 11 0
867 12 0
868 14 0
869 18 1
870 13 1
871 29 0
872 15 0
873 12 0
874 7 0
875 9 1
876 6 1
877 4 0
878 12 1
879 13 1
880 27 1
881 27 0
882 18 0
883 33 1
884 10 1
885 17 1
886 11 0
887 17 1
888 17 1
889 18 0
890 7 0
891 28 1
892 24 0
893 7 0
894 11 0
895 7 0
896 13 0
897 12 0
898 22 1
899 6 0
900 11 0
901 11 1
902 10 0
903 12 0
904 16 1
905 29 0
906 16 1
907 5 1
908 25 0
909 13 1
910 12 0
911 22 1
912 10 1
913 7 0
914 9 0
915 7 0
916 45 1
917 19 0
918 15 0
919 21 1
920 1 1
921 13 1
922 41 0
923 18 0
924 15 1
925 27 1
926 34 0
927 9 0
928 13 0
929 15 1
930 16 0
931 27 0
932 21 0
933 8 0
934 8 1
935 7 0
936 14 0
937 9 1
938 14 1
939 17 0
940 9 0
941 6 1
942 13 1
943 26 0
944 22 1
945 14 1
946 34 0
947 15 0
948 8 0
949 11 0
950 18 0
951 25 1
952 34 0
953 18 1
954 18 0
955 10 0
956 33 1
957 15 0
958 17 0
959 11 1
960 14 1
961 10 0
962 19 1
963 20 0
964 25 1
965 8 1
966 7 1
967 9 1
968 21 0
969 9 0
970 8 0
971 37 1
972 16 0
973 13 0
974 16 1
975 14 1
976 13 0
977 12 0
978 3 0
979 8 0
980 27 0
981 5 1
982 8 1
983 31 1
984 16 1
985 7 0
986 13 0
987 10 1
988 22 1
989 34 0
990 12 1
991 19 0
992 6 1
993 5 1
994 13 1
995 28 1
996 18 0
997 7 0
998 14 0
999 24 0
1000 19 0
1001 3 0
1002 1 1
1003 16 0
1004 21 1
1005 8 0
1006 14 0
1007 18 1
1008 8 1
1009 13 1
1010 18 0
1011 36 0
1012 19 1
1013 16 0
1014 16 0
1015 7 0
1016 14 1
1017 18 0
1018 9 1
1019 8 1
1020 23 0
1021 7 0
1022 23 0
1023 7 0
1024 14 0
1025 8 1
1026 13 1
1027 8 0
1028 14 0
1029 14 0
1030 12 0
1031 5 0
1032 4 1
1033 15 1
1034 11 0
1035 22 1
1036 22 0
1037 3 1
1038 20 1
1039 26 0
1040 10 1
1041 2 0
1042 12 0
1043 22 0
1044 5 0
1045 8 1
1046 15 0
1047 11 0
1048 14 0
1049 16 0
1050 14 1
1051 16 1
1052 24 0
1053 12 0
1054 13 0
1055 19 1
1056 18 1
1057 40 0
1058 19 0
1059 26 0
1060 12 0
1061 13 1
1062 7 0
1063 16 0
1064 43 0
1065 17 0
1066 20 0
1067 7 0
1068 18 0
1069 15 1
1070 12 1
1071 25 0
1072 22 1
1073 30 1
1074 23 0
1075 20 0
1076 10 1
1077 26 1
1078 9 0
1079 19 0
1080 18 1
1081 7 1
1082 6 0
1083 31 0
1084 14 0
1085 13 0
1086 19 1
1087 5 1
1088 17 1
1089 8 1
1090 16 0
1091 9 1
1092 18 0
1093 17 1
1094 5 1
1095 10 1
1096 15 1
1097 13 0
1098 7 1
1099 11 1
1100 17 1
1101 11 1
1102 18 0
1103 20 1
1104 4 1
1105 24 1
1106 11 0
1107 13 0
1108 20 0
1109 16 1
1110 9 0
1111 23 1
1112 5 1
1113 14 1
1114 9 1
1115 11 0
1116 13 0
1117 13 1
1118 19 1
1119 12 0
1120 7 1
1121 29 1
1122 14 0
1123 24 0
1124 15 0
1125 36 1
1126 20 1
1127 22 0
1128 1 1
1129 15 0
1130 14 1
1131 11 1
1132 11 1
1133 11 1
1134 19 1
1135 11 0
1136 27 0
1137 21 0
1138 4 0
1139 16 1
1140 5 0
1141 27 1
1142 26 1
1143 25 1
1144 26 1
1145 18 1
1146 12 1
1147 18 1
1148 6 1
1149 13 1
1150 21 1
1151 30 0
1152 4 1
1153 13 1
1154 8 0
1155 28 0
1156 6 0
1157 18 1
1158 12 0
1159 19 0
1160 27 0
1161 13 1
1162 11 1
1163 6 1
1164 11 1
1165 12 1
1166 20 0
1167 16 0
1168 21 1
1169 18 0
1170 11 1
1171 10 1
1172 7 1
1173 13 1
1174 19 1
1175 10 0
1176 15 0
1177 8 0
1178 4 0
1179 13 1
1180 14 1
1181 11 0
1182 15 1
1183 29 1
1184 17 0
1185 14 0
1186 24 1
1187 16 1
1188 4 0
1189 24 0
1190 7 1
1191 26 1
1192 12 0
1193 24 1
1194 21 0
1195 20 1
1196 14 0
1197 7 1
1198 19 1
1199 21 1
1200 5 0
1201 18 0
1202 7 0
1203 10 1
1204 13 1
1205 16 1
1206 7 0
1207 17 0
1208 7 0
1209 11 0
1210 24 0
1211 6 1
1212 19 0
1213 8 1
1214 11 0
1215 23 1
1216 11 0
1217 6 0
1218 12 0
1219 12 1
1220 11 1
1221 19 0
1222 20 1
1223 20 0
1224 5 1
1225 11 0
1226 13 1
1227 13 0
1228 12 0
1229 20 0
1230 29 1
1231 18 1
1232 28 1
1233 25 0
1234 22 0
1235 25 1
1236 12 0
1237 11 1
1238 13 1
1239 22 1
1240 26 1
1241 16 1
1242 16 0
1243 5 0
1244 7 1
1245 11 1
1246 5 0
1247 33 0
1248 15 1
1249 2 1
1250 7 0
1251 10 1
1252 23 0
1253 16 1
1254 16 0
1255 17 0
1256 6 1
1257 11 0
1258 32 0
1259 29 1
1260 14 0
1261 13 0
1262 28 1
1263 34 0
1264 10 1
1265 18 0
1266 10 0
1267 12 1
1268 12 1
1269 12 0
1270 20 0
1271 14 0
1272 10 1
1273 4 1
1274 6 1
1275 11 0
1276 6 0
1277 7 0
1278 15 0
1279 12 0
1280 14 0
1281 18 0
1282 12 1
1283 32 1
1284 7 1
1285 5 1
1286 7 1
1287 7 0
1288 7 0
1289 18 0
1290 9 0
1291 21 0
1292 4 1
1293 18 1
1294 17 1
1295 14 0
1296 15 1
1297 11 0
1298 7 0
1299 14 0
1300 14 0
1301 5 1
1302 13 1
1303 23 0
1304 20 1
1305 9 1
1306 24 1
1307 40 0
1308 7 1
1309 17 1
1310 44 1
1311 14 0
1312 9 0
1313 28 0
1314 18 0
1315 1 1
1316 6 0
1317 26 0
1318 8 0
1319 18 0
1320 18 0
1321 7 0
1322 19 1
1323 12 1
1324 8 0
1325 23 1
1326 8 1
1327 6 1
1328 16 0
1329 60 0
1330 26 1
1331 13 0
1332 15 1
1333 21 0
1334 10 1
1335 3 0
1336 12 0
1337 12 0
1338 20 1
1339 9 0
1340 15 1
1341 20 0
1342 13 1
1343 34 0
1344 5 0
1345 13 0
1346 17 1
1347 21 1
1348 1 1
1349 13 0
1350 13 1
1351 8 1
1352 35 0
1353 46 0
1354 9 1
1355 32 0
1356 12 1
1357 19 1
1358 19 1
1359 18 1
1360 15 1
1361 11 1
1362 15 1
1363 14 0
1364 21 0
1365 21 0
1366 23 0
1367 20 0
1368 24 0
1369 15 0
1370 6 1
1371 15 0
1372 24 0
1373 11 0
1374 8 1
1375 10 0
1376 15 0
1377 27 0
1378 11 0
1379 15 0
1380 21 0
1381 15 0
1382 16 0
1383 12 0
1384 13 0
1385 3 1
1386 9 0
1387 12 1
1388 14 1
1389 9 0
1390 11 0
1391 12 0
1392 25 1
1393 15 1
1394 14 0
1395 7 0
1396 32 1
1397 10 0
1398 7 1
1399 5 0
1400 24 0
1401 7 0
1402 20 1
1403 11 1
1404 7 0
1405 10 1
1406 8 0
1407 17 1
1408 34 0
1409 16 0
1410 11 1
1411 15 1
1412 20 1
1413 12 0
1414 3 1
1415 5 0
1416 12 0
1417 2 1
1418 8 1
1419 5 0
1420 22 0
1421 20 0
1422 7 0
1423 11 1
1424 16 0
1425 30 0
1426 7 1
1427 6 0
1428 11 0
1429 26 1
1430 5 1
1431 19 1
1432 8 1
1433 1 0
1434 8 1
1435 21 0
1436 12 0
1437 18 1
1438 10 0
1439 17 0
1440 18 1
1441 33 0
1442 6 0
1443 6 0
1444 13 1
1445 20 1
1446 20 0
1447 30 0
1448 15 0
1449 12 1
1450 13 0
1451 17 0
1452 12 0
1453 8 1
1454 18 1
1455 21 0
1456 5 0
1457 15 1
1458 9 0
1459 5 0
1460 6 1
1461 10 0
1462 20 0
1463 11 1
1464 6 1
1465 27 0
1466 7 0
1467 20 1
1468 9 0
1469 24 1
1470 14 1
1471 15 0
1472 11 1
1473 8 1
1474 9 1
1475 28 0
1476 30 0
1477 8 1
1478 4 1
1479 8 0
1480 9 0
1481 5 1
1482 11 1
1483 9 1
1484 15 1
1485 19 0
1486 10 0
1487 8 0
1488 18 0
1489 31 0
1490 24 1
1491 10 0
1492 9 1
1493 19 0
1494 25 1
1495 43 0
1496 32 1
1497 9 1
1498 13 1
1499 7 0
1500 10 1
1501 25 0
1502 5 1
1503 8 1
1504 16 1
1505 23 0
1506 34 0
1507 21 0
1508 21 0
1509 20 0
1510 22 0
1511 14 1
1512 24 1
1513 33 0
1514 11 0
1515 31 1
1516 10 0
1517 5 0
1518 9 1
1519 8 1
1520 23 1
1521 22 0
1522 16 0
1523 15 1
1524 15 0
1525 16 1
1526 8 0
1527 5 1
1528 17 1
1529 17 0
1530 18 1
1531 23 1
1532 24 0
1533 21 1
1534 16 1
1535 20 1
1536 14 1
1537 11 0
1538 16 0
1539 14 1
1540 16 1
1541 33 1
1542 14 1
1543 17 0
1544 22 1
1545 26 1
1546 31 0
1547 6 1
1548 18 0
1549 25 1
1550 29 0
1551 27 1
1552 18 1
1553 17 1
1554 27 1
1555 26 0
1556 22 1
1557 10 1
1558 5 0
1559 10 0
1560 26 0
1561 18 1
1562 10 1
1563 22 1
1564 20 0
1565 17 0
1566 10 1
1567 24 1
1568 28 1
1569 17 0
1570 25 0
1571 8 1
1572 30 1
1573 7 0
1574 19 1
1575 16 1
1576 16 1
1577 6 1
1578 17 1
1579 26 0
1580 11 0
1581 6 1
1582 14 0
1583 20 0
1584 24 1
1585 12 1
1586 24 1
1587 13 0
1588 22 1
1589 15 0
1590 23 0
1591 5 1
1592 9 0
1593 22 1
1594 10 1
1595 11 0
1596 10 1
1597 16 1
1598 25 0
1599 35 1
1600 37 1
1601 16 0
1602 16 0
1603 23 0
1604 15 0
1605 7 0
1606 39 1
1607 30 1
1608 14 0
1609 13 1
1610 15 0
1611 18 1
1612 21 0
1613 22 0
1614 19 1
1615 35 0
1616 24 0
1617 26 0
1618 22 1
1619 17 0
1620 21 1
1621 13 1
1622 5 1
1623 30 0
1624 15 1
1625 22 0
1626 6 1
1627 22 0
1628 19 1
1629 13 0
1630 25 1
1631 20 1
1632 18 1
1633 21 1
1634 4 0
1635 34 0
1636 33 1
1637 17 0
1638 32 0
1639 14 0
1640 6 0
1641 8 0
1642 18 0
1643 14 0
1644 16 0
1645 9 0
1646 16 0
1647 11 1
1648 10 1
1649 31 0
1650 16 0
1651 11 1
1652 19 0
1653 21 0
1654 21 1
1655 26 1
1656 17 0
1657 16 0
1658 6 0
1659 11 1
1660 18 0
1661 6 1
1662 30 0
1663 36 1
1664 26 1
1665 39 1
1666 26 1
1667 18 1
1668 18 1
1669 15 0
1670 31 0
1671 14 1
1672 18 0
1673 23 0
1674 18 1
1675 11 1
1676 27 1
1677 20 1
1678 17 1
1679 25 0
1680 18 1
1681 12 1
1682 16 0
1683 20 1
1684 16 1
1685 19 1
1686 17 1
1687 18 1
1688 12 1
1689 18 0
1690 32 0
1691 8 0
1692 13 0
1693 25 0
1694 15 1
1695 20 0
1696 8 1
1697 8 0
1698 15 0
1699 25 1
1700 6 1
1701 17 0
1702 14 1
1703 20 1
1704 13 0
1705 13 0
1706 19 0
1707 16 0
1708 16 0
1709 9 0
1710 4 1
1711 19 1
1712 20 0
1713 24 1
1714 9 0
1715 12 1
1716 10 1
1717 26 0
1718 22 0
1719 13 0
1720 19 0
1721 13 1
1722 4 0
1723 11 0
1724 12 1
1725 15 0
1726 25 0
1727 17 1
1728 12 0
1729 13 0
1730 10 1
1731 20 0
1732 10 0
1733 15 0
1734 15 1
1735 13 0
1736 20 1
1737 37 0
1738 12 0
1739 13 0
1740 15 1
1741 22 0
1742 13 0
1743 27 1
1744 11 0
1745 8 1
1746 19 0
1747 20 0
1748 27 1
1749 23 1
1750 22 1
1751 12 1
1752 9 0
1753 11 0
1754 6 0
1755 32 0
1756 13 1
1757 15 1
1758 9 0
1759 19 0
1760 28 0
1761 18 0
1762 51 1
1763 19 0
1764 7 1
1765 17 0
1766 3 0
1767 13 0
1768 15 1
1769 15 0
1770 40 1
1771 16 1
1772 26 1
1773 14 1
1774 19 1
1775 24 0
1776 15 0
1777 19 1
1778 31 1
1779 24 0
1780 20 1
1781 20 1
1782 8 1
1783 14 0
1784 13 1
1785 20 1
1786 25 0
1787 14 1
1788 13 1
1789 16 0
1790 11 1
1791 17 0
1792 17 0
1793 10 1
1794 16 0
1795 37 0
1796 26 0
1797 7 1
1798 7 1
1799 25 0
1800 14 0
1801 25 1
1802 34 1
1803 3 1
1804 30 0
1805 16 1
1806 20 1
1807 13 0
1808 5 0
1809 25 1
1810 22 1
1811 15 0
1812 27 0
1813 23 1
1814 29 0
1815 21 1
1816 26 0
1817 24 1
1818 28 1
1819 22 0
1820 15 0
1821 9 0
1822 11 1
1823 12 1
1824 34 1
1825 13 1
1826 32 0
1827 9 1
1828 19 0
1829 52 1
1830 19 1
1831 5 0
1832 15 0
1833 10 1
1834 22 1
1835 10 0
1836 14 0
1837 21 1
1838 6 0
1839 20 0
1840 22 0
1841 14 1
1842 9 0
1843 13 1
1844 28 1
1845 18 0
1846 26 1
1847 12 0
1848 23 1
1849 11 1
1850 19 0
1851 18 1
1852 20 1
1853 10 1
1854 10 0
1855 16 0
1856 11 0
1857 18 1
1858 16 1
1859 22 0
1860 35 0
1861 22 1
1862 11 1
1863 15 0
1864 23 1
1865 33 0
1866 21 0
1867 21 0
1868 11 0
1869 16 1
1870 10 1
1871 20 0
1872 17 1
1873 6 0
1874 17 0
1875 8 0
1876 9 1
1877 20 0
1878 16 0
1879 38 1
1880 19 1
1881 12 0
1882 10 0
1883 13 0
1884 27 1
1885 15 1
1886 13 0
1887 10 0
1888 44 1
1889 43 0
1890 20 1
1891 16 0
1892 14 1
1893 27 1
1894 26 0
1895 19 1
1896 9 1
1897 20 0
1898 16 1
1899 32 0
1900 32 0
1901 7 0
1902 7 0
1903 10 0
1904 29 1
1905 16 1
1906 36 0
1907 34 1
1908 25 0
1909 20 1
1910 26 1
1911 23 0
1912 19 0
1913 27 0
1914 27 1
1915 26 0
1916 19 0
1917 11 0
1918 24 0
1919 30 0
1920 14 0
1921 26 1
1922 13 1
1923 23 0
1924 17 1
1925 11 0
1926 31 1
1927 15 0
1928 22 1
1929 35 1
1930 17 0
1931 23 0
1932 26 1
1933 23 0
1934 23 1
1935 11 0
1936 25 0
1937 15 0
1938 12 1
1939 21 0
1940 23 1
1941 18 1
1942 14 0
1943 34 1
1944 29 0
1945 19 0
1946 18 0
1947 14 0
1948 19 1
1949 33 1
1950 10 0
1951 5 1
1952 17 0
1953 19 0
1954 26 0
1955 21 1
1956 24 0
1957 42 0
1958 32 1
1959 27 1
1960 25 0
1961 29 1
1962 20 1
1963 17 1
1964 21 0
1965 19 0
1966 5 0
1967 25 0
1968 28 0
1969 46 1
1970 16 1
1971 12 1
1972 23 1
1973 6 1
1974 16 0
1975 24 0
1976 14 1
1977 31 1
1978 27 0
1979 8 1
1980 13 1
1981 9 1
1982 22 0
1983 14 0
1984 57 1
1985 15 1
1986 23 0
1987 22 1
1988 11 1
1989 24 0
1990 22 1
1991 7 0
1992 38 0
1993 40 0
1994 17 0
1995 13 0
1996 18 0
1997 28 0
1998 24 1
1999 21 1
2000 24 0
2001 24 1
2002 13 0
2003 35 1
2004 14 0
2005 19 0
2006 21 0
2007 33 0
2008 20 0
2009 22 0
2010 10 0
2011 19 0
2012 23 0
2013 9 1
2014 13 0
2015 23 1
2016 16 0
2017 35 1
2018 36 0
2019 27 1
2020 19 1
2021 23 1
2022 29 0
2023 18 1
2024 20 1
2025 26 1
2026 16 0
2027 20 1
2028 40 1
2029 18 0
2030 13 1
2031 33 1
2032 27 0
2033 4 1
2034 9 0
2035 18 0
2036 24 0
2037 26 0
2038 13 1
2039 37 1
2040 17 0
2041 23 0
2042 31 1
2043 25 0
2044 16 1
2045 13 1
2046 24 0
2047 17 0
2048 22 0
2049 24 0
2050 10 0
2051 11 0
2052 3 1
2053 18 1
2054 15 0
2055 21 0
2056 13 1
2057 18 1
2058 14 0
2059 17 1
2060 7 0
2061 8 0
2062 13 0
2063 27 0
2064 10 0
2065 14 1
2066 21 1
2067 24 1
2068 21 1
2069 17 0
2070 19 0
2071 13 0
2072 7 1
2073 18 0
2074 38 1
2075 22 1
2076 41 0
2077 20 0
2078 21 1
2079 28 0
2080 17 1
2081 28 1
2082 17 0
2083 37 1
2084 13 1
2085 42 0
2086 19 1
2087 23 0
2088 15 1
2089 15 0
2090 15 0
2091 23 1
2092 15 1
2093 20 1
2094 24 1
2095 15 0
2096 26 0
2097 28 1
2098 15 0
2099 13 0
2100 10 1
2101 31 1
2102 14 0
2103 11 1
2104 28 0
2105 13 1
2106 20 1
2107 28 1
2108 21 1
2109 21 1
2110 18 0
2111 20 1
2112 10 1
2113 29 0
2114 36 0
2115 16 0
2116 10 1
2117 29 1
2118 17 1
2119 16 1
2120 8 0
2121 11 0
2122 23 0
2123 15 1
2124 26 1
2125 12 1
2126 18 1
2127 19 0
2128 27 1
2129 11 0
2130 26 1
2131 19 0
2132 14 1
2133 18 0
2134 35 0
2135 17 1
2136 8 0
2137 32 1
2138 21 1
2139 25 1
2140 17 0
2141 27 1
2142 31 0
2143 21 0
2144 3 1
2145 11 0
2146 12 1
2147 18 1
2148 17 0
2149 12 0
2150 13 1
2151 17 0
2152 2 0
2153 17 1
2154 16 0
2155 16 0
2156 20 1
2157 8 0
2158 26 0
2159 28 0
2160 22 0
2161 17 0
2162 25 0
2163 16 0
2164 55 0
2165 9 0
2166 39 0
2167 26 0
2168 45 1
2169 40 0
2170 12 1
2171 17 1
2172 13 0
2173 5 0
2174 19 1
2175 28 1
2176 44 0
2177 9 1
2178 9 0
2179 15 1
2180 15 1
2181 24 0
2182 8 0
2183 33 1
2184 33 1
2185 41 1
2186 20 1
2187 34 1
2188 11 0
2189 5 0
2190 20 0
2191 21 1
2192 7 0
2193 30 0
2194 12 0
2195 21 0
2196 21 0
2197 26 1
2198 24 0
2199 8 1
2200 21 0
2201 17 0
2202 17 1
2203 15 1
2204 34 1
2205 16 1
2206 23 0
2207 35 0
2208 19 1
2209 19 0
2210 19 1
2211 7 0
2212 16 1
2213 23 0
2214 39 1
2215 16 1
2216 15 0
2217 15 0
2218 35 1
2219 11 0
2220 24 0
2221 13 0
2222 28 1
2223 12 0
2224 14 0
2225 9 0
2226 26 1
2227 1 1
2228 23 1
2229 14 0
2230 6 1
2231 27 0
2232 19 1
2233 4 1
2234 2 1
2235 29 0
2236 9 0
2237 17 1
2238 13 1
2239 16 0
2240 16 0
2241 22 0
2242 14 1
2243 21 0
2244 9 1
2245 22 0
2246 17 1
2247 8 0
2248 6 0
2249 17 1
2250 42 1
2251 19 0
2252 22 0
2253 10 1
2254 22 0
2255 3 1
2256 19 0
2257 13 0
2258 25 1
2259 10 0
2260 6 0
2261 48 0
2262 22 0
2263 22 0
2264 23 1
2265 40 0
2266 24 0
2267 16 0
2268 13 0
2269 24 1
2270 19 0
2271 17 0
2272 23 1
2273 16 0
2274 19 0
2275 31 1
2276 18 0
2277 22 1
2278 19 0
2279 23 0
2280 21 0
2281 15 0
2282 22 1
2283 17 0
2284 24 0
2285 19 0
2286 21 1
2287 20 1
2288 17 1
2289 20 1
2290 19 1
2291 27 0
2292 13 1
2293 23 1
2294 13 1
2295 11 0
2296 12 1
2297 13 1
2298 36 0
2299 20 0
2300 11 1
2301 16 1
2302 36 1
2303 13 1
2304 41 0
2305 31 0
2306 18 0
2307 21 1
2308 38 1
2309 9 1
2310 27 1
2311 15 1
2312 16 1
2313 38 1
2314 21 1
2315 19 1
2316 21 0
2317 11 1
2318 17 1
2319 25 0
2320 29 0
2321 17 0
2322 22 0
2323 6 0
2324 9 0
2325 22 0
2326 15 1
2327 9 1
2328 29 1
2329 24 0
2330 28 1
2331 29 1
2332 22 1
2333 35 0
2334 18 1
2335 18 0
2336 20 0
2337 36 1
2338 45 0
2339 17 0
2340 16 1
2341 11 1
2342 20 0
2343 9 0
2344 19 1
2345 38 1
2346 22 0
2347 26 0
2348 20 0
2349 41 1
2350 27 1
2351 29 1
2352 24 0
2353 26 1
2354 10 0
2355 11 0
2356 13 0
2357 50 0
2358 8 0
2359 16 1
2360 6 0
2361 25 0
2362 15 1
2363 23 0
2364 9 0
2365 27 1
2366 5 0
2367 25 1
2368 9 0
2369 14 1
2370 18 1
2371 24 0
2372 24 1
2373 19 1
2374 24 1
2375 11 0
2376 31 0
2377 14 1
2378 9 0
2379 37 0
2380 12 0
2381 17 1
2382 15 0
2383 19 0
2384 20 0
2385 18 1
2386 20 1
2387 23 0
2388 40 0
2389 26 0
2390 27 1
2391 40 1
2392 25 1
2393 25 0
2394 15 0
2395 32 1
2396 20 0
2397 11 0
2398 38 1
2399 32 1
2400 14 0
2401 23 1
2402 6 1
2403 16 1
2404 17 0
2405 22 1
2406 7 0
2407 24 1
2408 57 1
2409 21 1
2410 38 0
2411 25 1
2412 24 0
2413 8 1
2414 16 0
2415 16 0
2416 12 0
2417 30 1
2418 31 0
2419 37 0
2420 25 0
2421 16 1
2422 15 0
2423 19 0
2424 16 0
2425 12 0
2426 29 1
2427 13 0
2428 22 0
2429 10 0
2430 29 1
2431 18 0
2432 26 1
2433 20 1
2434 28 0
2435 7 0
2436 29 0
2437 15 1
2438 43 1
2439 16 1
2440 17 1
2441 38 0
2442 20 1
2443 19 0
2444 17 1
2445 22 0
2446 13 1
2447 16 1
2448 9 0
2449 13 0
2450 16 1
2451 16 0
2452 24 0
2453 15 0
2454 4 0
2455 15 1
2456 17 1
2457 15 1
2458 22 1
2459 27 0
2460 18 1
2461 21 1
2462 21 0
2463 14 0
2464 7 1
2465 20 0
2466 10 1
2467 32 0
2468 30 0
